Assicurazioni_Fwt
637741
638048

Assicurazioni_Web
573243

CA_FastWT
632848
632849
632850
632851
632855
632856

CA_Web
572759
572760
572761
572764
572765
572766
572768
576867
576868
572776
572769
572772
572767

Carte_Web
573093
573094
573095
573097


CCA_Escape
573434
581391

CCA_FastWT
626743
632052
632579
632635
632740
632784
632822
632823
632824
632825
632826
632827
632828
632829
632836
632837
633849
633850
633851
673198

CCA_MSite_Digital
576865
630262

CCA_Web
573085
573087
576866
573098
573105
573112
573113
573114
573115
573116
573117
573118
573121
573124
573125
575991
579918
631623
631679
573122
640188
640189
640192
640193
575992
640336
640339
640341
640342
636366
648148
648149
648150
650884
659626
659627
636411
636412
672524

Client_Escape
573451
573452

Client_Web
573068
573069
573070

F24
655238
655239
655240
655241
655242
655279
655280
655281
655282
655283
659062
659063
670178
670186

IA_FastWT

IA_Web
573130
573131
573132
582161
632269
632270
632414
634511
634512
634947
634948
653942
653943
659093
669424

MA_FastWT
636347
636348
636349
636350
636351
636352
636353
636354
636355
636356

MA_Web
573142
586109
586110
586111
586112
586113
586060
586100
586101
586102
586103

MMC_Web
671303
671304

PA_FWT
667229
667230
667231
667232

PA_Web
573144
573145
574387
579391
655447
655572
659098
659100

TOL_Fwt
638131
638209

TOL_Web
573241
575712
575714
575715
575716
575717
581121
581122




